time,U,S,P_Amp,P_Phi,D_P_AMP,D_P_Phi,Dphi
0.0,-0.585325,0.626739,9400.41,-0.0876073,0.0,0.0,0.0
0.003125,-0.616786,0.656897,9653.57,-0.0396693,253.16,0.047938,0.0901693
0.00625,-0.579241,0.608735,9405.66,-0.0338579,247.91,0.0058114,0.114631
0.009375,-0.633564,0.668786,9906.68,0.0442606,501.02,0.0781185,0.101344
0.0125,-0.569504,0.5963,9365.57,0.124629,541.109,0.0803684,0.117416
0.015625,-0.569091,0.598619,9335.64,0.130982,29.9307,0.006353,0.110369
0.01875,-0.531375,0.56363,8990.04,0.123812,345.6,0.00717,0.12016
0.021875,-0.526579,0.565409,8957.55,0.158673,32.4902,0.034861,0.117444
0.025,-0.518645,0.551399,8908.92,0.177992,48.6299,0.019319,0.11253
0.028125,-0.525294,0.549432,9056.19,0.238467,147.271,0.060475,0.0926519
0.03125,-0.488343,0.513002,8598.95,0.205839,457.24,0.032628,0.107963
0.034375,-0.468212,0.497517,8465.54,0.253555,133.41,0.047716,0.116767
0.0375,-0.439193,0.476145,8070.8,0.257638,394.74,0.00408301,0.126414
0.040625,-0.399526,0.431166,7532.01,0.194241,538.79,0.063397,0.122743
0.04375,-0.400284,0.44342,7479.19,0.199986,52.8198,0.00574499,0.130334
0.046875,-0.374996,0.419162,7105.11,0.160858,374.08,0.039128,0.12388
0.05,-0.367168,0.415399,6933.48,0.121175,171.63,0.039683,0.124901
0.053125,-0.418312,0.472149,7558.17,0.0500608,624.69,0.0711142,0.103754
0.05625,-0.385688,0.448257,7175.45,-0.0519275,382.72,0.101988,0.132213
0.059375,-0.364001,0.429839,6848.82,-0.0425561,326.63,0.0093714,0.112913
0.0625,-0.392617,0.456179,7290.14,-0.0784724,441.32,0.0359163,0.115752
0.065625,-0.40571,0.467571,7481.24,-0.120005,191.1,0.0415326,0.104231
0.06875,-0.430743,0.492489,7881.09,-0.22519,399.85,0.105185,0.111938
0.071875,-0.438489,0.495392,8027.74,-0.222203,146.65,0.002987,0.0976489
0.075,-0.484886,0.550889,8519.54,-0.196779,491.8,0.025424,0.099576
0.078125,-0.486577,0.547133,8578.67,-0.208699,59.1299,0.01192,0.0983004
0.08125,-0.572127,0.637233,9503.06,-0.21254,924.39,0.003841,0.106931
0.084375,-0.543531,0.599589,9311.64,-0.269073,191.42,0.056533,0.100519
0.0875,-0.596159,0.644192,9813.96,-0.278539,502.32,0.00946599,0.102379
0.090625,-0.61344,0.65539,10062.3,-0.214757,248.34,0.063782,0.108158
0.09375,-0.643461,0.686387,10431.9,-0.185713,369.601,0.029044,0.0940843
0.096875,-0.614302,0.654669,10154.5,-0.134327,277.4,0.051386,0.103531
0.1,-0.631086,0.66811,10240.0,-0.0754478,85.5,0.0588792,0.0972472
0.103125,-0.653894,0.683419,10481.0,-0.0832717,241.0,0.0078239,0.111569
0.10625,-0.699821,0.730369,10828.2,-0.0450825,347.2,0.0381892,0.0917804
0.109375,-0.714567,0.7534,10850.5,0.0228601,22.2998,0.0679426,0.112894
0.1125,-0.69018,0.720137,10435.6,0.0336677,414.9,0.0108076,0.105115
0.115625,-0.762201,0.812629,11076.1,0.0202379,640.5,0.0134298,0.112579
0.11875,-0.79247,0.836904,11236.4,0.0467601,160.301,0.0265222,0.100044
0.121875,-0.807506,0.844119,11266.5,0.0832939,30.0996,0.0365338,0.108397
0.125,-0.785301,0.827014,11046.9,0.106174,219.6,0.0228801,0.118695
0.128125,-0.771063,0.822962,10919.6,0.112259,127.301,0.006085,0.119407
0.13125,-0.772541,0.835529,10845.7,0.146307,73.8994,0.034048,0.120971
0.134375,-0.74887,0.805146,10736.5,0.127846,109.2,0.018461,0.135621
0.1375,-0.761658,0.836411,10723.5,0.149715,13.0,0.021869,0.124761
0.140625,-0.685039,0.755065,10050.4,0.15018,673.1,0.000464991,0.110371
0.14375,-0.705995,0.777034,10222.7,0.119284,172.3,0.030896,0.107445
0.146875,-0.675036,0.755776,9842.94,0.0726667,379.76,0.0466173,0.123419
0.15,-0.699272,0.774867,10146.3,0.0810185,303.359,0.0083518,0.116315
0.153125,-0.669351,0.739225,9912.24,0.0522263,234.06,0.0287922,0.111578
0.15625,-0.670683,0.731944,10042.2,0.0703027,129.96,0.0180764,0.10612
0.159375,-0.694977,0.753161,10309.3,0.103353,267.1,0.0330503,0.122778
0.1625,-0.702013,0.760015,10384.7,0.102671,75.4004,0.000682004,0.120236
0.165625,-0.678234,0.727833,10205.6,0.0724443,179.101,0.0302267,0.121907
0.16875,-0.627048,0.675002,9775.33,0.0554183,430.27,0.017026,0.114361
0.171875,-0.663598,0.709336,10054.2,0.00902741,278.87,0.0463909,0.0996032
0.175,-0.664381,0.708202,10056.3,-0.0434426,2.09961,0.05247,0.114279
0.178125,-0.667,0.707788,10040.7,-0.023105,15.5996,0.0203376,0.111627
0.18125,-0.710262,0.748514,10423.9,-0.0336594,383.2,0.0105544,0.118347
0.184375,-0.692973,0.730723,10200.4,-0.0279761,223.5,0.0056833,0.107982
0.1875,-0.717984,0.759088,10327.4,0.053339,127.0,0.0813151,0.116302
0.190625,-0.723835,0.75519,10395.3,0.0147562,67.8994,0.0385828,0.11832
0.19375,-0.734517,0.776694,10507.1,0.0326871,111.8,0.0179309,0.129544
0.196875,-0.675831,0.721951,9934.58,0.0517797,572.52,0.0190926,0.111082
0.2,-0.713307,0.75894,10316.0,0.0467893,381.42,0.0049904,0.0970928
0.203125,-0.672908,0.734511,9880.56,0.0164921,435.44,0.0302972,0.10113
0.20625,-0.663991,0.720874,9794.6,0.0624593,85.96,0.0459672,0.100939
0.209375,-0.620673,0.674018,9412.9,0.0732569,381.699,0.0107976,0.0949813
0.2125,-0.624295,0.68111,9406.34,0.0529404,6.56055,0.0203165,0.0840251
0.215625,-0.617456,0.671793,9372.03,0.042691,34.3096,0.0102494,0.100985
0.21875,-0.64514,0.712259,9591.78,0.00398892,219.75,0.0387021,0.0955977
0.221875,-0.598796,0.660232,9203.19,-0.0300692,388.59,0.0340581,0.104243
0.225,-0.570826,0.628425,8946.48,-0.0479683,256.71,0.0178991,0.09358
0.228125,-0.577333,0.63299,9036.06,-0.0439317,89.5791,0.0040366,0.0990174
0.23125,-0.582369,0.635728,9106.87,-0.0354185,70.8105,0.0085132,0.106125
0.234375,-0.584225,0.634454,9205.95,-0.00380987,99.0801,0.0316086,0.100809
0.2375,-0.607955,0.650026,9410.69,-0.0466661,204.74,0.0428562,0.11706
0.240625,-0.64526,0.693466,9746.66,-0.0255634,335.97,0.0211027,0.116304
0.24375,-0.676589,0.732401,9995.85,-0.0938531,249.189,0.0682897,0.116367
0.246875,-0.714697,0.77088,10327.3,-0.0830678,331.45,0.0107853,0.115235
0.25,-0.686914,0.742865,10062.5,-0.09532,264.8,0.0122522,0.115856
0.253125,-0.702363,0.75447,10214.8,-0.0745722,152.3,0.0207478,0.103799
0.25625,-0.706825,0.762549,10208.9,-0.0488015,5.89941,0.0257707,0.103532
0.259375,-0.670266,0.714107,9952.48,-0.0432696,256.42,0.0055319,0.111475
0.2625,-0.654886,0.697641,9777.11,-0.0094984,175.37,0.0337712,0.115051
0.265625,-0.632507,0.675819,9597.1,-0.0174213,180.011,0.0079229,0.107899
0.26875,-0.660859,0.715721,9751.29,-0.0195552,154.19,0.0021339,0.101682
0.271875,-0.700636,0.754793,10045.0,-0.0195198,293.71,3.53996e-05,0.0999848
0.275,-0.716822,0.77263,10211.2,-0.0257929,166.2,0.0062731,0.097035
0.278125,-0.764463,0.821168,10638.5,-0.0038493,427.3,0.0219436,0.0972883
0.28125,-0.72037,0.784005,10231.0,-0.0428442,407.5,0.0389949,0.118396
0.284375,-0.697956,0.748826,10067.6,-0.0917732,163.4,0.048929,0.120706
0.2875,-0.741543,0.805741,10334.5,-0.0592329,266.9,0.0325403,0.112475
0.290625,-0.777477,0.84217,10584.8,-0.0779585,250.3,0.0187256,0.0978484
0.29375,-0.774762,0.839925,10512.2,-0.0640708,72.5996,0.0138877,0.108024
0.296875,-0.847113,0.920112,11038.7,-0.115091,526.5,0.0510202,0.107921
0.3,-0.851271,0.920923,11074.6,-0.151454,35.8994,0.036363,0.0969379
0.303125,-0.86433,0.939811,11123.3,-0.129927,48.7002,0.021527,0.11396
0.30625,-0.91111,0.991052,11460.6,-0.116607,337.3,0.01332,0.108607
0.309375,-0.90071,0.976149,11331.6,-0.11749,129.0,0.000882998,0.107523
0.3125,-0.953838,1.02915,11681.2,-0.0843415,349.601,0.0331485,0.100115
0.315625,-0.951219,1.02975,11666.0,-0.0802601,15.2002,0.00408141,0.100501
0.31875,-0.938039,1.02028,11535.0,-0.0354852,131.0,0.0447749,0.119142
0.321875,-0.949523,1.03387,11626.8,-0.0344112,91.7998,0.001074,0.103555
0.325,-0.903295,0.990792,11291.2,-0.0254949,335.6,0.0089163,0.11719
0.328125,-0.861869,0.943683,10997.3,-0.00494007,293.9,0.0205548,0.115894
0.33125,-0.864447,0.94906,10966.8,-0.00655352,30.5,0.00161345,0.113709
0.334375,-0.875241,0.962258,10996.0,0.0176839,29.2002,0.0242374,0.108805
0.3375,-0.881699,0.969303,11024.3,0.0114238,28.2998,0.0062601,0.0992624
0.340625,-0.90175,0.992545,11167.6,0.0137175,143.3,0.0022937,0.1082
0.34375,-0.896138,0.988423,11106.9,0.0076232,60.6992,0.0060943,0.113981
0.346875,-0.897967,0.988695,11166.1,0.0259884,59.1992,0.0183652,0.109775
0.35,-0.848278,0.923357,10887.1,0.0176797,279.0,0.0083087,0.103186
0.353125,-0.872179,0.951042,11028.6,-0.00474133,141.5,0.022421,0.106084
0.35625,-0.906332,0.981893,11321.5,-0.00601834,292.9,0.00127701,0.0966766
0.359375,-0.942009,1.01768,11590.9,-0.0108234,269.4,0.00480506,0.0883967
0.3625,-0.888351,0.96905,11234.6,-0.0100917,356.301,0.0007317,0.120663
0.365625,-0.89241,0.974548,11250.4,0.00630029,15.8008,0.016392,0.0937606
0.36875,-0.877325,0.959814,11168.2,-0.00536633,82.2002,0.0116666,0.118092
0.371875,-0.835074,0.918922,10827.3,5.2429e-06,340.9,0.00537157,0.116278
0.375,-0.781999,0.854509,10497.5,0.0383165,329.8,0.0383113,0.121321
0.378125,-0.83559,0.914913,10912.4,0.0335478,414.9,0.0047687,0.114377
0.38125,-0.756388,0.834687,10362.3,0.0239762,550.101,0.0095716,0.113563
0.384375,-0.719365,0.788634,10092.8,0.0383011,269.5,0.0143249,0.114434
0.3875,-0.693253,0.761433,9871.35,0.00373588,221.45,0.0345652,0.101473
0.390625,-0.710668,0.788501,10008.5,0.0218593,137.15,0.0181234,0.115423
0.39375,-0.652135,0.731609,9563.12,0.00952543,445.38,0.0123339,0.106865
0.396875,-0.658859,0.736657,9639.56,0.00233395,76.4395,0.00719148,0.115679
0.4,-0.648023,0.726994,9492.63,0.00100378,146.93,0.00133017,0.114603
0.403125,-0.696799,0.785093,9874.54,-0.00660694,381.91,0.00761072,0.0941282
0.40625,-0.651712,0.735517,9543.84,-0.00810493,330.7,0.00149799,0.117369
0.409375,-0.63706,0.721365,9404.29,0.00889322,139.55,0.0169981,0.107388
0.4125,-0.64467,0.730953,9534.39,0.0252634,130.1,0.0163702,0.130998
0.415625,-0.637157,0.716288,9499.65,-0.0355517,34.7393,0.0608151,0.116335
0.41875,-0.603299,0.682861,9138.15,-0.0217031,361.5,0.0138486,0.116361
0.421875,-0.63878,0.724556,9387.47,-0.0258315,249.319,0.0041284,0.106876
0.425,-0.632734,0.712507,9297.31,-0.0506406,90.1602,0.0248091,0.0861245
0.428126,-0.644222,0.725849,9349.26,-0.0762092,51.9502,0.0255686,0.0841698
0.431251,-0.633794,0.710539,9218.78,-0.0740327,130.479,0.0021765,0.0838576
0.434376,-0.648157,0.733216,9306.65,-0.0731576,87.8701,0.0008751,0.083738
0.437501,-0.670746,0.764772,9455.42,-0.0663616,148.77,0.006796,0.0906704
0.440626,-0.672858,0.761505,9481.25,-0.0613305,25.8301,0.0050311,0.0995161
0.443751,-0.654555,0.730832,9350.9,-0.0522645,130.35,0.009066,0.089556
0.446876,-0.67402,0.761126,9498.3,-0.047463,147.399,0.0048015,0.0878676
0.450001,-0.677542,0.763963,9545.95,-0.0601808,47.6504,0.0127178,0.0860686
0.453126,-0.690412,0.778855,9613.39,-0.0323351,67.4395,0.0278457,0.0813616
0.456251,-0.687252,0.773752,9605.29,-0.0455293,8.09961,0.0131942,0.0894215
0.459376,-0.727653,0.819525,9854.01,-0.026359,248.72,0.0191703,0.0852592
0.462501,-0.752674,0.84611,10032.8,-0.0300022,178.79,0.0036432,0.0808064
0.465626,-0.785297,0.877653,10260.1,-0.0158954,227.3,0.0141068,0.0799053
0.468751,-0.806174,0.903367,10406.2,-0.00239001,146.101,0.0135054,0.0793158
0.471876,-0.795368,0.889433,10329.0,0.00602922,77.2002,0.00841923,0.0749623
0.475001,-0.776439,0.868771,10203.5,-0.0334382,125.5,0.0394674,0.0888102
0.478126,-0.756471,0.840219,10083.8,-0.0428722,119.7,0.009434,0.0748973
0.481251,-0.760897,0.844799,10150.4,-0.0284707,66.6006,0.0144015,0.0773897
0.484376,-0.75096,0.837295,10091.7,-0.0351481,58.7002,0.0066774,0.0691853
0.487501,-0.715308,0.796894,9862.97,-0.0195469,228.73,0.0156012,0.0649602
0.490626,-0.708736,0.789017,9823.69,-0.00722635,39.2793,0.0123206,0.0739257
0.493751,-0.69234,0.774962,9700.07,-0.0132679,123.62,0.00604155,0.0752168
0.496876,-0.686746,0.770519,9679.04,0.00849542,21.0303,0.0217633,0.0704869
0.500001,-0.701333,0.78716,9785.31,0.00458599,106.27,0.00390943,0.0668129
0.503126,-0.661232,0.737965,9511.6,0.0386081,273.71,0.0340221,0.0706946
0.506251,-0.679606,0.761599,9611.07,0.0535908,99.4707,0.0149827,0.0729873
0.509376,-0.678932,0.762195,9618.21,0.0558793,7.13965,0.0022885,0.0555216
0.512501,-0.679771,0.762937,9625.91,0.0528479,7.7002,0.0030314,0.057657
0.515626,-0.682843,0.766382,9649.04,0.0568245,23.1299,0.0039766,0.0575912
0.518751,-0.691517,0.775459,9717.66,0.0658996,68.6201,0.0090751,0.0607206
0.521876,-0.70118,0.786611,9777.51,0.066113,59.8496,0.0002134,0.0691235
0.525001,-0.685946,0.765944,9671.94,0.0730356,105.569,0.0069226,0.068775
0.528126,-0.680948,0.763183,9626.15,0.0656525,45.79,0.0073831,0.0726245
0.531251,-0.664777,0.744545,9498.65,0.0752385,127.5,0.00958601,0.0762163
0.534376,-0.622647,0.691113,9187.36,0.0804802,311.29,0.0052417,0.0765842
0.537501,-0.637686,0.712964,9263.27,0.0651062,75.9092,0.015374,0.081899
0.540626,-0.633827,0.707369,9241.35,0.0652414,21.9199,0.000135198,0.0747095
0.543751,-0.629353,0.701899,9218.96,0.0503076,22.3896,0.0149338,0.0738645
0.546876,-0.603294,0.669604,9037.11,0.0520979,181.85,0.0017903,0.0742726
0.550001,-0.600929,0.670928,8995.81,0.0110258,41.3008,0.0410721,0.0809158
0.553126,-0.579024,0.643192,8847.13,-0.0311206,148.68,0.0421464,0.0772178
0.556251,-0.591653,0.656709,8949.89,-0.0473038,102.76,0.0161832,0.0814688
0.559376,-0.601267,0.668137,9021.05,-0.0601087,71.1602,0.0128049,0.0734725
0.562501,-0.578237,0.638721,8887.14,-0.0610381,133.91,0.0009294,0.0735065
0.565626,-0.586867,0.649143,8973.93,-0.0596653,86.79,0.0013728,0.069773
0.568751,-0.596904,0.658873,9074.15,-0.0612903,100.221,0.001625,0.0675655
0.571876,-0.592882,0.652091,9059.85,-0.0593149,14.3008,0.0019754,0.0669312
0.575001,-0.592234,0.651806,9063.95,-0.0468106,4.10059,0.0125043,0.072694
0.578126,-0.583858,0.642411,8986.03,-0.0346042,77.9199,0.0122064,0.0708253
0.581251,-0.577279,0.636346,8901.38,-0.0352153,84.6504,0.0006111,0.0641322
0.584376,-0.600339,0.668073,9026.28,-0.0287064,124.9,0.0065089,0.0731158
0.587501,-0.584599,0.649116,8865.96,-0.0239212,160.32,0.0047852,0.0730786
0.590626,-0.589712,0.653032,8883.92,-0.0119801,17.96,0.0119411,0.0685692
0.593751,-0.616241,0.686228,9065.09,0.0104112,181.17,0.0223913,0.0646563
0.596876,-0.620748,0.688467,9099.27,0.0333464,34.1797,0.0229352,0.0683108
0.600001,-0.621668,0.686062,9114.35,0.0601646,15.0801,0.0268182,0.0678017
0.603126,-0.637707,0.707849,9203.95,0.0661654,89.6006,0.0060008,0.0618304
0.606251,-0.659726,0.733855,9351.17,0.0775819,147.22,0.0114165,0.0639753
0.609376,-0.67981,0.760199,9481.59,0.0835294,130.42,0.0059475,0.0711844
0.612501,-0.666073,0.745717,9383.29,0.0706195,98.2998,0.0129099,0.0740329
0.615626,-0.664476,0.744762,9348.91,0.0725613,34.3799,0.0019418,0.0736823
0.618751,-0.686319,0.770819,9479.72,0.0799562,130.81,0.0073949,0.0663439
0.621876,-0.691425,0.774633,9512.81,0.0613175,33.0898,0.0186387,0.068082
0.625001,-0.705606,0.788746,9615.63,0.0556752,102.82,0.0056423,0.0685181
0.628126,-0.705689,0.789414,9612.12,0.0469824,3.50977,0.0086928,0.0738733
0.631251,-0.705108,0.789547,9623.15,0.0356541,11.0303,0.0113283,0.0682786
0.634376,-0.684645,0.769091,9505.39,0.0173758,117.761,0.0182783,0.0746817
0.637501,-0.666943,0.749984,9395.47,0.0179474,109.92,0.000571599,0.0728572
0.640626,-0.651525,0.728581,9318.71,-0.00471156,76.7598,0.022659,0.0648367
0.643751,-0.647856,0.721262,9310.74,-0.0183498,7.96973,0.0136382,0.0697964
0.646876,-0.662099,0.736317,9412.48,-0.0296116,101.74,0.0112618,0.0920032
0.650001,-0.69765,0.778474,9650.48,-0.0727565,238.0,0.0431449,0.0896306
0.653126,-0.731861,0.815884,9858.36,-0.0871502,207.88,0.0143937,0.0737455
0.656251,-0.771209,0.863564,10084.8,-0.0846011,226.439,0.0025491,0.0764706
0.659376,-0.777702,0.87436,10092.7,-0.0809556,7.90039,0.00364549,0.0745202
0.662501,-0.757769,0.854455,9967.27,-0.0821929,125.431,0.0012373,0.0711313
0.665626,-0.768887,0.868159,10076.2,-0.0680818,108.931,0.0141111,0.0787466
0.668751,-0.763602,0.865628,10055.9,-0.0812549,20.2998,0.0131731,0.0682295
0.671876,-0.73025,0.828094,9841.16,-0.079867,214.74,0.0013879,0.0745669
0.675001,-0.718835,0.814906,9766.2,-0.0740354,74.96,0.0058316,0.0692153
0.678126,-0.716687,0.811651,9749.33,-0.0781044,16.8701,0.004069,0.068679
0.681251,-0.731159,0.828779,9817.6,-0.0835914,68.2695,0.005487,0.0689243
0.684376,-0.706915,0.799467,9651.16,-0.0801881,166.439,0.0034033,0.0731574
0.687501,-0.702915,0.795009,9620.34,-0.0693331,30.8203,0.010855,0.0675461
0.690627,-0.6974,0.790009,9596.45,-0.053928,23.8896,0.0154051,0.0754554
0.693752,-0.68337,0.77588,9512.85,-0.0437507,83.6006,0.0101773,0.0671184
0.696877,-0.666034,0.756688,9409.1,-0.0448524,103.75,0.0011017,0.0606961
0.700002,-0.652292,0.744008,9288.29,-0.059475,120.81,0.0146226,0.0722
0.703127,-0.613307,0.698027,9010.61,-0.0382831,277.68,0.0211919,0.0757864
0.706252,-0.595478,0.679513,8888.71,-0.0241535,121.9,0.0141296,0.0784488
0.709377,-0.574095,0.655447,8709.44,-0.0202666,179.27,0.0038869,0.0712103
0.712502,-0.542823,0.619746,8442.17,0.00603951,267.271,0.0263061,0.0802805
0.715627,-0.544405,0.621214,8414.96,0.0141771,27.21,0.00813759,0.0835392
0.718752,-0.546315,0.625031,8437.13,0.0129967,22.1699,0.0011804,0.0676832
0.721877,-0.530449,0.606851,8324.51,0.0330712,112.62,0.0200745,0.0744617
0.725002,-0.533919,0.612031,8366.76,0.0704733,42.25,0.0374021,0.0730043
0.728127,-0.547388,0.627033,8471.64,0.0811465,104.88,0.0106732,0.0688796
0.731252,-0.57272,0.656397,8662.7,0.0917849,191.061,0.0106384,0.0643784
0.734377,-0.589068,0.674975,8765.5,0.102059,102.8,0.0102741,0.0644369
0.737502,-0.593606,0.679675,8768.08,0.0999608,2.58008,0.0020982,0.0537561
0.740627,-0.589055,0.67401,8718.83,0.107277,49.25,0.0073162,0.0578804
0.743752,-0.580528,0.664186,8646.11,0.0906621,72.7197,0.0166149,0.055349
0.746877,-0.574982,0.65921,8588.36,0.090634,57.75,2.80961e-05,0.0513268
0.750002,-0.575622,0.661714,8575.53,0.106907,12.8301,0.016273,0.057024
0.753127,-0.566423,0.650364,8503.73,0.109401,71.7998,0.002494,0.0528256
0.756252,-0.568813,0.654487,8496.44,0.106204,7.29004,0.003197,0.0583114
0.759377,-0.568549,0.655174,8470.61,0.0938693,25.8301,0.0123347,0.0545514
0.762502,-0.594131,0.68554,8652.73,0.0746885,182.12,0.0191808,0.0706957
0.765627,-0.585645,0.67263,8615.99,0.063938,36.7402,0.0107505,0.0668125
0.768752,-0.570468,0.65324,8509.8,0.0774703,106.19,0.0135323,0.0721653
0.771877,-0.577076,0.662081,8560.89,0.0949761,51.0898,0.0175058,0.0595878
0.775002,-0.573118,0.6572,8536.4,0.0747866,24.4893,0.0201895,0.0598716
0.778127,-0.556644,0.636445,8431.44,0.0863141,104.96,0.0115275,0.0754864
0.781252,-0.576051,0.659396,8558.76,0.070705,127.319,0.0156091,0.0706133
0.784377,-0.565859,0.645264,8491.22,0.0711589,67.54,0.000453904,0.0603666
0.787502,-0.599889,0.686247,8732.21,0.0580999,240.99,0.013059,0.0701498
0.790627,-0.607489,0.695001,8794.34,0.0476036,62.1299,0.0104963,0.0721918
0.793752,-0.624309,0.716045,8905.58,0.0420825,111.24,0.0055211,0.0619723
0.796877,-0.631054,0.725032,8944.64,0.0446625,39.0596,0.00258,0.0548713
0.800002,-0.628726,0.722754,8926.81,0.0408447,17.8301,0.0038178,0.051396
0.803127,-0.603105,0.692,8752.04,0.0463162,174.77,0.0054715,0.0627554
0.806252,-0.612255,0.705185,8802.73,0.0433753,50.6904,0.0029409,0.0542364
0.809377,-0.636229,0.737184,8951.94,0.0203312,149.21,0.0230441,0.0687278
0.812502,-0.606306,0.701726,8739.27,0.0348575,212.671,0.0145263,0.0604281
0.815627,-0.578947,0.669397,8551.77,0.0229463,187.5,0.0119112,0.059712
0.818752,-0.599579,0.692484,8724.25,0.0202192,172.48,0.0027271,0.0699518
0.821877,-0.590547,0.679735,8694.42,0.00136243,29.8301,0.0188568,0.0562649
0.825002,-0.571249,0.658641,8560.49,-0.00565656,133.93,0.00701899,0.0573062
0.828127,-0.528891,0.606843,8265.83,-0.00923778,294.66,0.00358122,0.0663031
0.831252,-0.533424,0.612606,8301.91,-0.0147816,36.0801,0.00554382,0.0538883
0.834377,-0.519545,0.594169,8210.86,-0.00855756,91.0498,0.00622404,0.052734
0.837502,-0.521671,0.596604,8229.88,0.00030128,19.0195,0.00885884,0.0499779
0.840627,-0.528397,0.604329,8280.37,-0.00307839,50.4902,0.00337967,0.0500979
0.843752,-0.516428,0.589796,8199.99,-0.0158871,80.3799,0.0128087,0.0602221
0.846877,-0.543948,0.622759,8404.08,-0.0173668,204.09,0.0014797,0.0589101
0.850002,-0.5378,0.616779,8342.01,-0.0156658,62.0703,0.001701,0.0574959
0.853127,-0.537296,0.616903,8328.12,-0.0120369,13.8896,0.0036289,0.0549892
0.856252,-0.536592,0.613927,8337.79,0.000872925,9.66992,0.0129098,0.0582528
0.859377,-0.538454,0.613656,8358.87,-0.0218316,21.0801,0.0227045,0.0724506
0.862502,-0.551827,0.631003,8442.29,-0.0305744,83.4199,0.0087428,0.0596381
0.865627,-0.541346,0.617026,8381.31,-0.0346718,60.9805,0.0040974,0.0611334
0.868752,-0.553287,0.632183,8451.45,-0.0242208,70.1406,0.010451,0.0629277
0.871877,-0.506061,0.574341,8124.55,-0.032024,326.9,0.0078032,0.0679754
0.875002,-0.488531,0.555277,7969.7,-0.0134357,154.85,0.0185883,0.0665777
0.878127,-0.464474,0.524878,7786.47,-0.0237521,183.23,0.0103164,0.0611935
0.881252,-0.471885,0.53368,7844.37,-0.0477976,57.8999,0.0240455,0.0597708
0.884377,-0.460076,0.517981,7769.11,-0.0508907,75.2603,0.0030931,0.0744268
0.887502,-0.459269,0.516154,7781.01,-0.0701497,11.8999,0.019259,0.0595446
0.890627,-0.454361,0.508413,7766.19,-0.0728818,14.8198,0.00273211,0.0703916
0.893752,-0.458518,0.513162,7800.42,-0.0710464,34.23,0.00183541,0.0563795
0.896877,-0.477814,0.535671,7964.95,-0.0818821,164.53,0.0108357,0.0576287
0.900002,-0.499231,0.561397,8125.71,-0.079992,160.76,0.0018901,0.0612601
0.903127,-0.515469,0.580185,8250.12,-0.0920296,124.41,0.0120376,0.055258
0.906252,-0.528522,0.594108,8349.48,-0.0825992,99.3604,0.0094304,0.0655539
0.909377,-0.568622,0.642333,8636.42,-0.0766191,286.939,0.0059801,0.0667981
0.912502,-0.576016,0.64986,8701.4,-0.0828646,64.9805,0.00624549,0.0644335
0.915627,-0.588127,0.665211,8770.42,-0.0712559,69.0195,0.0116087,0.0665937
0.918752,-0.603968,0.684863,8880.48,-0.0782084,110.061,0.0069525,0.0610072
0.921877,-0.59155,0.671233,8783.48,-0.0898694,97.0,0.011661,0.0600189
0.925002,-0.60777,0.689131,8907.36,-0.0983384,123.88,0.008469,0.0628527
0.928127,-0.595132,0.673186,8823.22,-0.0937827,84.1406,0.0045557,0.0628418
0.931252,-0.597316,0.675275,8844.23,-0.107669,21.0107,0.0138863,0.0607245
0.934377,-0.574039,0.648443,8678.87,-0.105172,165.36,0.002497,0.0537176
0.937502,-0.547824,0.618983,8476.12,-0.0924222,202.75,0.0127498,0.0578906
0.940627,-0.530798,0.602373,8313.27,-0.106931,162.851,0.0145088,0.0618815
0.943752,-0.515087,0.585683,8171.84,-0.0947583,141.43,0.0121727,0.0575373
0.946877,-0.504747,0.575363,8077.62,-0.0951231,94.2197,0.000364795,0.0641929
0.950002,-0.466607,0.530974,7773.52,-0.0783803,304.1,0.0167428,0.0552989
0.953128,-0.475998,0.543649,7829.69,-0.0822916,56.1699,0.0039113,0.0571019
0.956253,-0.475536,0.543661,7828.4,-0.0765536,1.29004,0.00573801,0.0643152
0.959378,-0.462174,0.529062,7712.04,-0.0677884,116.36,0.0087652,0.0578053
0.962503,-0.44832,0.512057,7608.81,-0.0756708,103.23,0.0078824,0.0597295
0.965628,-0.477939,0.545198,7863.8,-0.0617253,254.99,0.0139455,0.0606793
0.968753,-0.508568,0.583068,8061.33,-0.0494707,197.53,0.0122546,0.0754
0.971878,-0.476095,0.546561,7814.13,-0.0721236,247.2,0.0226529,0.0698829
0.975003,-0.475507,0.547875,7774.52,-0.0452625,39.6099,0.0268611,0.0611251
0.978128,-0.459116,0.527246,7652.48,-0.0546834,122.04,0.0094209,0.0702056
0.981253,-0.434217,0.49992,7433.06,-0.0305602,219.42,0.0241232,0.061414
0.984378,-0.435272,0.504063,7415.46,-0.0190712,17.6001,0.011489,0.0582437
0.987503,-0.44467,0.516371,7476.37,-0.00708333,60.9102,0.0119879,0.0673281
0.990628,-0.431318,0.497966,7394.27,-0.0100072,82.1001,0.00292387,0.0543925
0.993753,-0.429918,0.495896,7394.34,-0.0115245,0.0698242,0.0015173,0.0236905
0.996878,-0.43165,0.497113,7422.74,-0.0118607,28.4004,0.0003362,0.0241141
1.0,-0.435039,0.500132,7463.65,-0.0100255,40.9097,0.0018352,0.0241342
1.00313,-0.437972,0.502739,7497.81,-0.00473321,34.1602,0.00529229,0.0239171
1.00625,-0.440117,0.504588,7521.16,0.00737776,23.3501,0.012111,0.0243239
1.00938,-0.446335,0.510871,7576.62,0.0226913,55.46,0.0153135,0.0241175
1.0125,-0.456541,0.521274,7669.58,0.0394828,92.96,0.0167915,0.0240893
1.01563,-0.470585,0.535498,7803.62,0.0516069,134.04,0.0121241,0.0242623
1.01875,-0.481567,0.546642,7905.19,0.0557386,101.57,0.0041317,0.0233783
1.02188,-0.491895,0.557354,7993.48,0.0547303,88.29,0.0010083,0.023374
1.025,-0.510341,0.576627,8143.58,0.0553977,150.1,0.000667401,0.0238999
1.02813,-0.52255,0.589234,8240.99,0.0630873,97.4102,0.0076896,0.0229505
1.03125,-0.532221,0.599268,8317.28,0.0697511,76.29,0.0066638,0.0230609
1.03438,-0.542367,0.610003,8396.43,0.0759294,79.1494,0.0061783,0.023375
1.0375,-0.552774,0.621008,8479.05,0.0807649,82.6201,0.00483549,0.0243174
1.04063,-0.564589,0.63347,8575.24,0.0873776,96.1904,0.0066127,0.0262219
1.04375,-0.572497,0.642361,8634.54,0.097367,59.2998,0.0099894,0.0269854
1.04688,-0.580651,0.652422,8685.1,0.0998345,50.5596,0.0024675,0.0253952
1.05,-0.590475,0.664364,8748.29,0.0985199,63.1904,0.0013146,0.0241864
1.05313,-0.597732,0.673135,8795.79,0.0955991,47.5,0.0029208,0.022934
1.05625,-0.603103,0.679605,8831.16,0.093486,35.3701,0.0021131,0.0220844
1.05938,-0.607453,0.684882,8859.4,0.0918183,28.2402,0.0016677,0.0217573
1.0625,-0.610959,0.689198,8881.56,0.0903141,22.1592,0.00150421,0.0214647
1.06563,-0.613392,0.692311,8895.97,0.0881849,14.4102,0.0021292,0.021794
1.06875,-0.614288,0.693681,8899.64,0.0847696,3.66992,0.0034153,0.0222112
1.07188,-0.613178,0.692761,8889.87,0.0792947,9.76953,0.0054749,0.0227698
1.075,-0.609366,0.688873,8861.3,0.072512,28.5703,0.0067827,0.0231314
1.07813,-0.603023,0.682311,8814.52,0.0644755,46.7803,0.0080365,0.0232672
1.08125,-0.596382,0.675639,8765.61,0.0572877,48.9092,0.0071878,0.0233699
1.08438,-0.590387,0.669746,8722.42,0.051469,43.1904,0.0058187,0.0236598
1.0875,-0.585086,0.664523,8685.04,0.0423275,37.3799,0.0091415,0.0247054
1.09063,-0.57354,0.651764,8603.48,0.0346651,81.5596,0.0076624,0.0245852
1.09375,-0.55702,0.633442,8488.06,0.0300122,115.421,0.0046529,0.0236103
1.09688,-0.54159,0.616184,8383.38,0.0183885,104.68,0.0116237,0.0237405
1.1,-0.537555,0.611861,8358.02,0.0127355,25.3604,0.005653,0.0227427
1.10313,-0.533827,0.607859,8330.29,0.0106707,27.7295,0.0020648,0.0237872
1.10625,-0.522334,0.594273,8249.1,0.0127405,81.1904,0.0020698,0.0250172
1.10938,-0.518483,0.589797,8222.01,0.0185444,27.0898,0.0058039,0.0229205
1.1125,-0.51589,0.586987,8201.39,0.02469,20.6201,0.0061456,0.0220548
1.11563,-0.513299,0.584304,8180.04,0.0307817,21.3496,0.0060917,0.0218016
1.11875,-0.51353,0.584977,8180.91,0.0368917,0.870117,0.00611,0.0224013
1.12188,-0.52356,0.596936,8262.55,0.0508706,81.6396,0.0139789,0.0273266
1.125,-0.531315,0.60509,8333.93,0.0554666,71.3799,0.004596,0.0241883
1.12813,-0.531283,0.604548,8343.83,0.0575968,9.90039,0.0021302,0.0240141
1.13125,-0.526815,0.598862,8320.16,0.0558849,23.6699,0.0017119,0.0240802
1.13438,-0.52131,0.591947,8285.69,0.0539487,34.4697,0.0019362,0.0244235
1.1375,-0.519804,0.589673,8278.75,0.0578414,6.94043,0.0038927,0.0242865
1.14063,-0.521446,0.591066,8296.67,0.0627001,17.9199,0.0048587,0.0236139
1.14375,-0.5236,0.59298,8320.77,0.064664,24.0996,0.0019639,0.0228695
1.14688,-0.527047,0.596321,8355.07,0.0649105,34.3008,0.000246502,0.0225516
1.15,-0.531802,0.60113,8398.93,0.0648006,43.8594,0.000109904,0.0226497
1.15313,-0.536673,0.6062,8442.33,0.0645858,43.4004,0.0002148,0.0229194
1.15625,-0.540659,0.610395,8478.6,0.0640486,36.2695,0.000537194,0.0233361
1.15938,-0.542583,0.612324,8499.81,0.0630451,21.21,0.0010035,0.0239153
1.1625,-0.540188,0.609527,8487.7,0.0644345,12.1094,0.0013894,0.0245264
1.16563,-0.535062,0.60391,8451.19,0.0750024,36.5098,0.0105679,0.0255983
1.16875,-0.540789,0.611001,8491.93,0.0881333,40.7393,0.0131309,0.0272134
1.17188,-0.54076,0.611271,8486.75,0.0916337,5.17969,0.0035004,0.0273886
1.175,-0.533993,0.603647,8434.44,0.097928,52.3096,0.0062943,0.0246015
1.17812,-0.528601,0.597426,8396.31,0.0983237,38.1309,0.0003957,0.0244969
1.18125,-0.52761,0.596037,8392.5,0.102151,3.80957,0.0038273,0.0232615
1.18437,-0.527329,0.595524,8391.93,0.105768,0.570312,0.003617,0.0227366
1.1875,-0.528633,0.597012,8401.46,0.108226,9.53027,0.002458,0.0226071
1.19062,-0.532463,0.601526,8429.14,0.108995,27.6797,0.000768997,0.022471
1.19375,-0.538752,0.608898,8474.82,0.108073,45.6807,0.000921994,0.022602
1.19687,-0.549468,0.621154,8552.61,0.105119,77.79,0.00295401,0.0233983
1.2,-0.565983,0.639665,8671.73,0.106939,119.12,0.00182001,0.0241002
1.20312,-0.575812,0.650906,8738.53,0.114694,66.7998,0.007755,0.0239692
1.20625,-0.580378,0.656391,8765.94,0.119832,27.4102,0.005138,0.0233127
1.20937,-0.584837,0.661916,8791.12,0.121934,25.1797,0.002102,0.0228629
1.2125,-0.590186,0.668469,8822.75,0.121973,31.6299,3.90038e-05,0.022893
1.21562,-0.596496,0.676002,8862.54,0.121747,39.79,0.000225998,0.023022
1.21875,-0.602361,0.682828,8900.11,0.121201,37.5703,0.000546001,0.0241262
1.22187,-0.60705,0.688076,8931.34,0.123955,31.2295,0.002754,0.0254733
1.225,-0.61076,0.692845,8952.14,0.128474,20.7998,0.004519,0.0250996
1.22812,-0.615301,0.698702,8976.0,0.129146,23.8604,0.000671998,0.0240173
1.23125,-0.623188,0.708061,9024.04,0.126703,48.04,0.002443,0.0234567
1.23437,-0.631596,0.717804,9076.16,0.121415,52.1201,0.005288,0.0231637
1.2375,-0.63742,0.72456,9110.62,0.113839,34.46,0.007576,0.0229283
1.24062,-0.638084,0.725664,9108.08,0.106126,2.54004,0.007713,0.0226897
1.24375,-0.635221,0.722998,9079.41,0.101406,28.6699,0.00472,0.0222554
1.24687,-0.632335,0.720418,9048.92,0.0995852,30.4902,0.0018208,0.0223138
1.25,-0.632963,0.721945,9040.74,0.100482,8.17969,0.000896804,0.0226272
1.25312,-0.635782,0.725677,9051.83,0.100411,11.0898,7.1004e-05,0.0131438
1.256245,-0.635782,0.725677,9051.83,0.100411,0.0,0.0,0.0
1.25937,-0.635782,0.725677,9051.83,0.100411,0.0,0.0,0.0
1.262495,-0.635782,0.725677,9051.83,0.100411,0.0,0.0,0.0
1.26562,-0.635782,0.725677,9051.83,0.100411,0.0,0.0,0.0
1.268745,-0.635782,0.725677,9051.83,0.100411,0.0,0.0,0.0
1.27187,-0.635782,0.725677,9051.83,0.100411,0.0,0.0,0.0
1.274995,-0.635782,0.725677,9051.83,0.100411,0.0,0.0,0.0
1.27812,-0.635782,0.725677,9051.83,0.100411,0.0,0.0,0.0
1.281245,-0.635782,0.725677,9051.83,0.100411,0.0,0.0,0.0
1.28437,-0.635782,0.725677,9051.83,0.100411,0.0,0.0,0.0
1.287495,-0.635782,0.725677,9051.83,0.100411,0.0,0.0,0.0
1.29062,-0.635782,0.725677,9051.83,0.100411,0.0,0.0,0.0
1.293745,-0.635782,0.725677,9051.83,0.100411,0.0,0.0,0.0
1.29687,-0.635782,0.725677,9051.83,0.100411,0.0,0.0,0.0
1.299995,-0.635782,0.725677,9051.83,0.100411,0.0,0.0,0.0
1.30312,-0.635782,0.725677,9051.83,0.100411,0.0,0.0,0.0
1.306245,-0.635782,0.725677,9051.83,0.100411,0.0,0.0,0.0
1.30937,-0.635782,0.725677,9051.83,0.100411,0.0,0.0,0.0
1.312495,-0.635782,0.725677,9051.83,0.100411,0.0,0.0,0.0
1.31562,-0.635782,0.725677,9051.83,0.100411,0.0,0.0,0.0
1.318745,-0.635782,0.725677,9051.83,0.100411,0.0,0.0,0.0
1.32187,-0.635782,0.725677,9051.83,0.100411,0.0,0.0,0.0
1.324995,-0.635782,0.725677,9051.83,0.100411,0.0,0.0,0.0
1.32812,-0.635782,0.725677,9051.83,0.100411,0.0,0.0,0.0
1.331245,-0.635782,0.725677,9051.83,0.100411,0.0,0.0,0.0
1.33437,-0.635782,0.725677,9051.83,0.100411,0.0,0.0,0.0
1.337495,-0.635782,0.725677,9051.83,0.100411,0.0,0.0,0.0
1.34062,-0.635782,0.725677,9051.83,0.100411,0.0,0.0,0.0
1.343745,-0.635782,0.725677,9051.83,0.100411,0.0,0.0,0.0
1.34687,-0.635782,0.725677,9051.83,0.100411,0.0,0.0,0.0
1.349995,-0.635782,0.725677,9051.83,0.100411,0.0,0.0,0.0
1.35312,-0.635782,0.725677,9051.83,0.100411,0.0,0.0,0.0
1.356245,-0.635782,0.725677,9051.83,0.100411,0.0,0.0,0.0
1.35937,-0.635782,0.725677,9051.83,0.100411,0.0,0.0,0.0
1.362495,-0.635782,0.725677,9051.83,0.100411,0.0,0.0,0.0
1.36562,-0.635782,0.725677,9051.83,0.100411,0.0,0.0,0.0
1.368745,-0.635782,0.725677,9051.83,0.100411,0.0,0.0,0.0
1.37187,-0.635782,0.725677,9051.83,0.100411,0.0,0.0,0.0
1.374995,-0.635782,0.725677,9051.83,0.100411,0.0,0.0,0.0
1.37812,-0.635782,0.725677,9051.83,0.100411,0.0,0.0,0.0
1.381245,-0.635782,0.725677,9051.83,0.100411,0.0,0.0,0.0
1.38437,-0.635782,0.725677,9051.83,0.100411,0.0,0.0,0.0
1.387495,-0.635782,0.725677,9051.83,0.100411,0.0,0.0,0.0
1.39062,-0.635782,0.725677,9051.83,0.100411,0.0,0.0,0.0
1.393745,-0.635782,0.725677,9051.83,0.100411,0.0,0.0,0.0
1.39687,-0.635782,0.725677,9051.83,0.100411,0.0,0.0,0.0
1.399995,-0.635782,0.725677,9051.83,0.100411,0.0,0.0,0.0
1.40312,-0.635782,0.725677,9051.83,0.100411,0.0,0.0,0.0
1.406245,-0.635782,0.725677,9051.83,0.100411,0.0,0.0,0.0
1.40937,-0.635782,0.725677,9051.83,0.100411,0.0,0.0,0.0
1.412495,-0.635782,0.725677,9051.83,0.100411,0.0,0.0,0.0
1.41562,-0.635782,0.725677,9051.83,0.100411,0.0,0.0,0.0
1.418745,-0.635782,0.725677,9051.83,0.100411,0.0,0.0,0.0
1.42187,-0.635782,0.725677,9051.83,0.100411,0.0,0.0,0.0
1.424995,-0.635782,0.725677,9051.83,0.100411,0.0,0.0,0.0
1.42812,-0.635782,0.725677,9051.83,0.100411,0.0,0.0,0.0
1.431245,-0.635782,0.725677,9051.83,0.100411,0.0,0.0,0.0
1.43437,-0.635782,0.725677,9051.83,0.100411,0.0,0.0,0.0
1.437495,-0.635782,0.725677,9051.83,0.100411,0.0,0.0,0.0
1.44062,-0.635782,0.725677,9051.83,0.100411,0.0,0.0,0.0
1.443745,-0.635782,0.725677,9051.83,0.100411,0.0,0.0,0.0
1.44687,-0.635782,0.725677,9051.83,0.100411,0.0,0.0,0.0
1.449995,-0.635782,0.725677,9051.83,0.100411,0.0,0.0,0.0
1.45312,-0.635782,0.725677,9051.83,0.100411,0.0,0.0,0.0
1.456245,-0.635782,0.725677,9051.83,0.100411,0.0,0.0,0.0
1.45937,-0.635782,0.725677,9051.83,0.100411,0.0,0.0,0.0
1.462495,-0.635782,0.725677,9051.83,0.100411,0.0,0.0,0.0
1.46562,-0.635782,0.725677,9051.83,0.100411,0.0,0.0,0.0
1.468745,-0.635782,0.725677,9051.83,0.100411,0.0,0.0,0.0
1.47187,-0.635782,0.725677,9051.83,0.100411,0.0,0.0,0.0
1.474995,-0.635782,0.725677,9051.83,0.100411,0.0,0.0,0.0
1.47812,-0.635782,0.725677,9051.83,0.100411,0.0,0.0,0.0
1.481245,-0.635782,0.725677,9051.83,0.100411,0.0,0.0,0.0
1.48437,-0.635782,0.725677,9051.83,0.100411,0.0,0.0,0.0
1.487495,-0.635782,0.725677,9051.83,0.100411,0.0,0.0,0.0
1.49062,-0.635782,0.725677,9051.83,0.100411,0.0,0.0,0.0
1.493745,-0.635782,0.725677,9051.83,0.100411,0.0,0.0,0.0
1.49687,-0.635782,0.725677,9051.83,0.100411,0.0,0.0,0.0
1.499995,-0.635782,0.725677,9051.83,0.100411,0.0,0.0,0.0
1.50312,-0.635782,0.725677,9051.83,0.100411,0.0,0.0,0.0
1.506245,-0.635782,0.725677,9051.83,0.100411,0.0,0.0,0.0
1.50937,-0.635782,0.725677,9051.83,0.100411,0.0,0.0,0.0
1.512495,-0.635782,0.725677,9051.83,0.100411,0.0,0.0,0.0
1.51562,-0.635782,0.725677,9051.83,0.100411,0.0,0.0,0.0
1.518745,-0.635782,0.725677,9051.83,0.100411,0.0,0.0,0.0
1.52187,-0.635782,0.725677,9051.83,0.100411,0.0,0.0,0.0
1.524995,-0.635782,0.725677,9051.83,0.100411,0.0,0.0,0.0
1.52812,-0.635782,0.725677,9051.83,0.100411,0.0,0.0,0.0
1.531245,-0.635782,0.725677,9051.83,0.100411,0.0,0.0,0.0
1.53437,-0.635782,0.725677,9051.83,0.100411,0.0,0.0,0.0
1.537495,-0.635782,0.725677,9051.83,0.100411,0.0,0.0,0.0
1.54062,-0.635782,0.725677,9051.83,0.100411,0.0,0.0,0.0
1.543745,-0.635782,0.725677,9051.83,0.100411,0.0,0.0,0.0
1.54687,-0.635782,0.725677,9051.83,0.100411,0.0,0.0,0.0
1.549995,-0.635782,0.725677,9051.83,0.100411,0.0,0.0,0.0
1.55312,-0.635782,0.725677,9051.83,0.100411,0.0,0.0,0.0
1.556245,-0.635782,0.725677,9051.83,0.100411,0.0,0.0,0.0
1.55937,-0.635782,0.725677,9051.83,0.100411,0.0,0.0,0.0
1.562495,-0.635782,0.725677,9051.83,0.100411,0.0,0.0,0.0
1.56562,-0.635782,0.725677,9051.83,0.100411,0.0,0.0,0.0
1.568745,-0.635782,0.725677,9051.83,0.100411,0.0,0.0,0.0
1.57187,-0.635782,0.725677,9051.83,0.100411,0.0,0.0,0.0
1.574995,-0.635782,0.725677,9051.83,0.100411,0.0,0.0,0.0
1.57812,-0.635782,0.725677,9051.83,0.100411,0.0,0.0,0.0
1.581245,-0.635782,0.725677,9051.83,0.100411,0.0,0.0,0.0
1.58437,-0.635782,0.725677,9051.83,0.100411,0.0,0.0,0.0
1.587495,-0.635782,0.725677,9051.83,0.100411,0.0,0.0,0.0
1.59062,-0.635782,0.725677,9051.83,0.100411,0.0,0.0,0.0
1.593745,-0.635782,0.725677,9051.83,0.100411,0.0,0.0,0.0
1.59687,-0.635782,0.725677,9051.83,0.100411,0.0,0.0,0.0
1.599995,-0.635782,0.725677,9051.83,0.100411,0.0,0.0,0.0
1.60312,-0.635782,0.725677,9051.83,0.100411,0.0,0.0,0.0
1.606245,-0.635782,0.725677,9051.83,0.100411,0.0,0.0,0.0
1.60937,-0.635782,0.725677,9051.83,0.100411,0.0,0.0,0.0
1.612495,-0.635782,0.725677,9051.83,0.100411,0.0,0.0,0.0
1.61562,-0.635782,0.725677,9051.83,0.100411,0.0,0.0,0.0
1.618745,-0.635782,0.725677,9051.83,0.100411,0.0,0.0,0.0
1.62187,-0.635782,0.725677,9051.83,0.100411,0.0,0.0,0.0
1.624995,-0.635782,0.725677,9051.83,0.100411,0.0,0.0,0.0
1.62812,-0.635782,0.725677,9051.83,0.100411,0.0,0.0,0.0
1.631245,-0.635782,0.725677,9051.83,0.100411,0.0,0.0,0.0
1.63437,-0.635782,0.725677,9051.83,0.100411,0.0,0.0,0.0
1.637495,-0.635782,0.725677,9051.83,0.100411,0.0,0.0,0.0
1.64062,-0.635782,0.725677,9051.83,0.100411,0.0,0.0,0.0
1.643745,-0.635782,0.725677,9051.83,0.100411,0.0,0.0,0.0
1.64687,-0.635782,0.725677,9051.83,0.100411,0.0,0.0,0.0
1.649995,-0.635782,0.725677,9051.83,0.100411,0.0,0.0,0.0
1.65312,-0.635782,0.725677,9051.83,0.100411,0.0,0.0,0.0
1.656245,-0.635782,0.725677,9051.83,0.100411,0.0,0.0,0.0
1.65937,-0.635782,0.725677,9051.83,0.100411,0.0,0.0,0.0
1.662495,-0.635782,0.725677,9051.83,0.100411,0.0,0.0,0.0
1.66562,-0.635782,0.725677,9051.83,0.100411,0.0,0.0,0.0
1.668745,-0.635782,0.725677,9051.83,0.100411,0.0,0.0,0.0
1.67187,-0.635782,0.725677,9051.83,0.100411,0.0,0.0,0.0
1.674995,-0.635782,0.725677,9051.83,0.100411,0.0,0.0,0.0
1.67812,-0.635782,0.725677,9051.83,0.100411,0.0,0.0,0.0
1.681245,-0.635782,0.725677,9051.83,0.100411,0.0,0.0,0.0
1.68437,-0.635782,0.725677,9051.83,0.100411,0.0,0.0,0.0
1.687495,-0.635782,0.725677,9051.83,0.100411,0.0,0.0,0.0
1.69062,-0.635782,0.725677,9051.83,0.100411,0.0,0.0,0.0
1.693745,-0.635782,0.725677,9051.83,0.100411,0.0,0.0,0.0
1.69687,-0.635782,0.725677,9051.83,0.100411,0.0,0.0,0.0
1.699995,-0.635782,0.725677,9051.83,0.100411,0.0,0.0,0.0
1.70312,-0.635782,0.725677,9051.83,0.100411,0.0,0.0,0.0
1.706245,-0.635782,0.725677,9051.83,0.100411,0.0,0.0,0.0
1.70937,-0.635782,0.725677,9051.83,0.100411,0.0,0.0,0.0
1.712495,-0.635782,0.725677,9051.83,0.100411,0.0,0.0,0.0
1.71562,-0.635782,0.725677,9051.83,0.100411,0.0,0.0,0.0
1.718745,-0.635782,0.725677,9051.83,0.100411,0.0,0.0,0.0
1.72187,-0.635782,0.725677,9051.83,0.100411,0.0,0.0,0.0
1.724995,-0.635782,0.725677,9051.83,0.100411,0.0,0.0,0.0
1.72812,-0.635782,0.725677,9051.83,0.100411,0.0,0.0,0.0
1.731245,-0.635782,0.725677,9051.83,0.100411,0.0,0.0,0.0
1.73437,-0.635782,0.725677,9051.83,0.100411,0.0,0.0,0.0
1.737495,-0.635782,0.725677,9051.83,0.100411,0.0,0.0,0.0
1.74062,-0.635782,0.725677,9051.83,0.100411,0.0,0.0,0.0
1.743745,-0.635782,0.725677,9051.83,0.100411,0.0,0.0,0.0
1.74687,-0.635782,0.725677,9051.83,0.100411,0.0,0.0,0.0
1.749995,-0.635782,0.725677,9051.83,0.100411,0.0,0.0,0.0
1.75312,-0.635782,0.725677,9051.83,0.100411,0.0,0.0,0.0
1.756245,-0.635782,0.725677,9051.83,0.100411,0.0,0.0,0.0
1.75937,-0.635782,0.725677,9051.83,0.100411,0.0,0.0,0.0
1.762495,-0.635782,0.725677,9051.83,0.100411,0.0,0.0,0.0
1.7656200000000002,-0.635782,0.725677,9051.83,0.100411,0.0,0.0,0.0
1.768745,-0.635782,0.725677,9051.83,0.100411,0.0,0.0,0.0
1.77187,-0.635782,0.725677,9051.83,0.100411,0.0,0.0,0.0
1.774995,-0.635782,0.725677,9051.83,0.100411,0.0,0.0,0.0
1.77812,-0.635782,0.725677,9051.83,0.100411,0.0,0.0,0.0
1.7812450000000002,-0.635782,0.725677,9051.83,0.100411,0.0,0.0,0.0
1.78437,-0.635782,0.725677,9051.83,0.100411,0.0,0.0,0.0
1.787495,-0.635782,0.725677,9051.83,0.100411,0.0,0.0,0.0
1.79062,-0.635782,0.725677,9051.83,0.100411,0.0,0.0,0.0
1.793745,-0.635782,0.725677,9051.83,0.100411,0.0,0.0,0.0
1.7968700000000002,-0.635782,0.725677,9051.83,0.100411,0.0,0.0,0.0
1.799995,-0.635782,0.725677,9051.83,0.100411,0.0,0.0,0.0
1.80312,-0.635782,0.725677,9051.83,0.100411,0.0,0.0,0.0
1.806245,-0.635782,0.725677,9051.83,0.100411,0.0,0.0,0.0
1.80937,-0.635782,0.725677,9051.83,0.100411,0.0,0.0,0.0
1.812495,-0.635782,0.725677,9051.83,0.100411,0.0,0.0,0.0
1.81562,-0.635782,0.725677,9051.83,0.100411,0.0,0.0,0.0
1.818745,-0.635782,0.725677,9051.83,0.100411,0.0,0.0,0.0
1.82187,-0.635782,0.725677,9051.83,0.100411,0.0,0.0,0.0
1.824995,-0.635782,0.725677,9051.83,0.100411,0.0,0.0,0.0
1.82812,-0.635782,0.725677,9051.83,0.100411,0.0,0.0,0.0
1.831245,-0.635782,0.725677,9051.83,0.100411,0.0,0.0,0.0
1.83437,-0.635782,0.725677,9051.83,0.100411,0.0,0.0,0.0
1.837495,-0.635782,0.725677,9051.83,0.100411,0.0,0.0,0.0
1.84062,-0.635782,0.725677,9051.83,0.100411,0.0,0.0,0.0
1.843745,-0.635782,0.725677,9051.83,0.100411,0.0,0.0,0.0
1.84687,-0.635782,0.725677,9051.83,0.100411,0.0,0.0,0.0
1.849995,-0.635782,0.725677,9051.83,0.100411,0.0,0.0,0.0
1.85312,-0.635782,0.725677,9051.83,0.100411,0.0,0.0,0.0
1.856245,-0.635782,0.725677,9051.83,0.100411,0.0,0.0,0.0
1.85937,-0.635782,0.725677,9051.83,0.100411,0.0,0.0,0.0
1.862495,-0.635782,0.725677,9051.83,0.100411,0.0,0.0,0.0
1.86562,-0.635782,0.725677,9051.83,0.100411,0.0,0.0,0.0
1.868745,-0.635782,0.725677,9051.83,0.100411,0.0,0.0,0.0
1.87187,-0.635782,0.725677,9051.83,0.100411,0.0,0.0,0.0
1.874995,-0.635782,0.725677,9051.83,0.100411,0.0,0.0,0.0
1.87812,-0.635782,0.725677,9051.83,0.100411,0.0,0.0,0.0
1.881245,-0.635782,0.725677,9051.83,0.100411,0.0,0.0,0.0
1.88437,-0.635782,0.725677,9051.83,0.100411,0.0,0.0,0.0
1.887495,-0.635782,0.725677,9051.83,0.100411,0.0,0.0,0.0
1.89062,-0.635782,0.725677,9051.83,0.100411,0.0,0.0,0.0
1.893745,-0.635782,0.725677,9051.83,0.100411,0.0,0.0,0.0
1.89687,-0.635782,0.725677,9051.83,0.100411,0.0,0.0,0.0
1.899995,-0.635782,0.725677,9051.83,0.100411,0.0,0.0,0.0
1.90312,-0.635782,0.725677,9051.83,0.100411,0.0,0.0,0.0
1.906245,-0.635782,0.725677,9051.83,0.100411,0.0,0.0,0.0
1.90937,-0.635782,0.725677,9051.83,0.100411,0.0,0.0,0.0
1.912495,-0.635782,0.725677,9051.83,0.100411,0.0,0.0,0.0
1.91562,-0.635782,0.725677,9051.83,0.100411,0.0,0.0,0.0
1.918745,-0.635782,0.725677,9051.83,0.100411,0.0,0.0,0.0
1.92187,-0.635782,0.725677,9051.83,0.100411,0.0,0.0,0.0
1.924995,-0.635782,0.725677,9051.83,0.100411,0.0,0.0,0.0
1.92812,-0.635782,0.725677,9051.83,0.100411,0.0,0.0,0.0
1.931245,-0.635782,0.725677,9051.83,0.100411,0.0,0.0,0.0
1.93437,-0.635782,0.725677,9051.83,0.100411,0.0,0.0,0.0
1.937495,-0.635782,0.725677,9051.83,0.100411,0.0,0.0,0.0
1.94062,-0.635782,0.725677,9051.83,0.100411,0.0,0.0,0.0
1.943745,-0.635782,0.725677,9051.83,0.100411,0.0,0.0,0.0
1.94687,-0.635782,0.725677,9051.83,0.100411,0.0,0.0,0.0
1.949995,-0.635782,0.725677,9051.83,0.100411,0.0,0.0,0.0
1.95312,-0.635782,0.725677,9051.83,0.100411,0.0,0.0,0.0
1.956245,-0.635782,0.725677,9051.83,0.100411,0.0,0.0,0.0
1.95937,-0.635782,0.725677,9051.83,0.100411,0.0,0.0,0.0
1.962495,-0.635782,0.725677,9051.83,0.100411,0.0,0.0,0.0
1.96562,-0.635782,0.725677,9051.83,0.100411,0.0,0.0,0.0
1.968745,-0.635782,0.725677,9051.83,0.100411,0.0,0.0,0.0
1.97187,-0.635782,0.725677,9051.83,0.100411,0.0,0.0,0.0
1.974995,-0.635782,0.725677,9051.83,0.100411,0.0,0.0,0.0
1.97812,-0.635782,0.725677,9051.83,0.100411,0.0,0.0,0.0
1.981245,-0.635782,0.725677,9051.83,0.100411,0.0,0.0,0.0
1.98437,-0.635782,0.725677,9051.83,0.100411,0.0,0.0,0.0
1.987495,-0.635782,0.725677,9051.83,0.100411,0.0,0.0,0.0
1.99062,-0.635782,0.725677,9051.83,0.100411,0.0,0.0,0.0
1.993745,-0.635782,0.725677,9051.83,0.100411,0.0,0.0,0.0
1.99687,-0.635782,0.725677,9051.83,0.100411,0.0,0.0,0.0
1.999995,-0.635782,0.725677,9051.83,0.100411,0.0,0.0,0.0
2.00312,-0.635782,0.725677,9051.83,0.100411,0.0,0.0,0.0
2.006245,-0.635782,0.725677,9051.83,0.100411,0.0,0.0,0.0
2.00937,-0.635782,0.725677,9051.83,0.100411,0.0,0.0,0.0
2.012495,-0.635782,0.725677,9051.83,0.100411,0.0,0.0,0.0
2.01562,-0.635782,0.725677,9051.83,0.100411,0.0,0.0,0.0
2.018745,-0.635782,0.725677,9051.83,0.100411,0.0,0.0,0.0
2.02187,-0.635782,0.725677,9051.83,0.100411,0.0,0.0,0.0
2.024995,-0.635782,0.725677,9051.83,0.100411,0.0,0.0,0.0
2.02812,-0.635782,0.725677,9051.83,0.100411,0.0,0.0,0.0
2.031245,-0.635782,0.725677,9051.83,0.100411,0.0,0.0,0.0
2.03437,-0.635782,0.725677,9051.83,0.100411,0.0,0.0,0.0
2.037495,-0.635782,0.725677,9051.83,0.100411,0.0,0.0,0.0
2.04062,-0.635782,0.725677,9051.83,0.100411,0.0,0.0,0.0
2.043745,-0.635782,0.725677,9051.83,0.100411,0.0,0.0,0.0
2.04687,-0.635782,0.725677,9051.83,0.100411,0.0,0.0,0.0
2.049995,-0.635782,0.725677,9051.83,0.100411,0.0,0.0,0.0
2.05312,-0.635782,0.725677,9051.83,0.100411,0.0,0.0,0.0
2.056245,-0.635782,0.725677,9051.83,0.100411,0.0,0.0,0.0
2.05937,-0.635782,0.725677,9051.83,0.100411,0.0,0.0,0.0
2.062495,-0.635782,0.725677,9051.83,0.100411,0.0,0.0,0.0
2.06562,-0.635782,0.725677,9051.83,0.100411,0.0,0.0,0.0
2.068745,-0.635782,0.725677,9051.83,0.100411,0.0,0.0,0.0
2.07187,-0.635782,0.725677,9051.83,0.100411,0.0,0.0,0.0
2.074995,-0.635782,0.725677,9051.83,0.100411,0.0,0.0,0.0
2.07812,-0.635782,0.725677,9051.83,0.100411,0.0,0.0,0.0
2.081245,-0.635782,0.725677,9051.83,0.100411,0.0,0.0,0.0
2.08437,-0.635782,0.725677,9051.83,0.100411,0.0,0.0,0.0
2.087495,-0.635782,0.725677,9051.83,0.100411,0.0,0.0,0.0
2.09062,-0.635782,0.725677,9051.83,0.100411,0.0,0.0,0.0
2.093745,-0.635782,0.725677,9051.83,0.100411,0.0,0.0,0.0
2.09687,-0.635782,0.725677,9051.83,0.100411,0.0,0.0,0.0
2.099995,-0.635782,0.725677,9051.83,0.100411,0.0,0.0,0.0
2.10312,-0.635782,0.725677,9051.83,0.100411,0.0,0.0,0.0
2.106245,-0.635782,0.725677,9051.83,0.100411,0.0,0.0,0.0
2.10937,-0.635782,0.725677,9051.83,0.100411,0.0,0.0,0.0
2.112495,-0.635782,0.725677,9051.83,0.100411,0.0,0.0,0.0
2.11562,-0.635782,0.725677,9051.83,0.100411,0.0,0.0,0.0
2.118745,-0.635782,0.725677,9051.83,0.100411,0.0,0.0,0.0
2.12187,-0.635782,0.725677,9051.83,0.100411,0.0,0.0,0.0
2.124995,-0.635782,0.725677,9051.83,0.100411,0.0,0.0,0.0
2.12812,-0.635782,0.725677,9051.83,0.100411,0.0,0.0,0.0
2.131245,-0.635782,0.725677,9051.83,0.100411,0.0,0.0,0.0
2.13437,-0.635782,0.725677,9051.83,0.100411,0.0,0.0,0.0
2.137495,-0.635782,0.725677,9051.83,0.100411,0.0,0.0,0.0
2.14062,-0.635782,0.725677,9051.83,0.100411,0.0,0.0,0.0
2.143745,-0.635782,0.725677,9051.83,0.100411,0.0,0.0,0.0
2.14687,-0.635782,0.725677,9051.83,0.100411,0.0,0.0,0.0
2.149995,-0.635782,0.725677,9051.83,0.100411,0.0,0.0,0.0
2.15312,-0.635782,0.725677,9051.83,0.100411,0.0,0.0,0.0
2.156245,-0.635782,0.725677,9051.83,0.100411,0.0,0.0,0.0
2.15937,-0.635782,0.725677,9051.83,0.100411,0.0,0.0,0.0
2.162495,-0.635782,0.725677,9051.83,0.100411,0.0,0.0,0.0
2.16562,-0.635782,0.725677,9051.83,0.100411,0.0,0.0,0.0
2.168745,-0.635782,0.725677,9051.83,0.100411,0.0,0.0,0.0
2.17187,-0.635782,0.725677,9051.83,0.100411,0.0,0.0,0.0
2.174995,-0.635782,0.725677,9051.83,0.100411,0.0,0.0,0.0
2.17812,-0.635782,0.725677,9051.83,0.100411,0.0,0.0,0.0
2.181245,-0.635782,0.725677,9051.83,0.100411,0.0,0.0,0.0
2.18437,-0.635782,0.725677,9051.83,0.100411,0.0,0.0,0.0
2.187495,-0.635782,0.725677,9051.83,0.100411,0.0,0.0,0.0
2.19062,-0.635782,0.725677,9051.83,0.100411,0.0,0.0,0.0
2.193745,-0.635782,0.725677,9051.83,0.100411,0.0,0.0,0.0
2.19687,-0.635782,0.725677,9051.83,0.100411,0.0,0.0,0.0
2.199995,-0.635782,0.725677,9051.83,0.100411,0.0,0.0,0.0
2.20312,-0.635782,0.725677,9051.83,0.100411,0.0,0.0,0.0
2.206245,-0.635782,0.725677,9051.83,0.100411,0.0,0.0,0.0
2.20937,-0.635782,0.725677,9051.83,0.100411,0.0,0.0,0.0
2.212495,-0.635782,0.725677,9051.83,0.100411,0.0,0.0,0.0
2.21562,-0.635782,0.725677,9051.83,0.100411,0.0,0.0,0.0
2.218745,-0.635782,0.725677,9051.83,0.100411,0.0,0.0,0.0
2.22187,-0.635782,0.725677,9051.83,0.100411,0.0,0.0,0.0
2.224995,-0.635782,0.725677,9051.83,0.100411,0.0,0.0,0.0
2.22812,-0.635782,0.725677,9051.83,0.100411,0.0,0.0,0.0
2.231245,-0.635782,0.725677,9051.83,0.100411,0.0,0.0,0.0
2.23437,-0.635782,0.725677,9051.83,0.100411,0.0,0.0,0.0
2.237495,-0.635782,0.725677,9051.83,0.100411,0.0,0.0,0.0
2.24062,-0.635782,0.725677,9051.83,0.100411,0.0,0.0,0.0
2.243745,-0.635782,0.725677,9051.83,0.100411,0.0,0.0,0.0
2.24687,-0.635782,0.725677,9051.83,0.100411,0.0,0.0,0.0
2.249995,-0.635782,0.725677,9051.83,0.100411,0.0,0.0,0.0
2.25312,-0.635782,0.725677,9051.83,0.100411,0.0,0.0,0.0
2.256245,-0.635782,0.725677,9051.83,0.100411,0.0,0.0,0.0
2.25937,-0.635782,0.725677,9051.83,0.100411,0.0,0.0,0.0
2.2624950000000004,-0.635782,0.725677,9051.83,0.100411,0.0,0.0,0.0
2.26562,-0.635782,0.725677,9051.83,0.100411,0.0,0.0,0.0
2.268745,-0.635782,0.725677,9051.83,0.100411,0.0,0.0,0.0
2.27187,-0.635782,0.725677,9051.83,0.100411,0.0,0.0,0.0
2.274995,-0.635782,0.725677,9051.83,0.100411,0.0,0.0,0.0
2.2781200000000004,-0.635782,0.725677,9051.83,0.100411,0.0,0.0,0.0
2.281245,-0.635782,0.725677,9051.83,0.100411,0.0,0.0,0.0
2.28437,-0.635782,0.725677,9051.83,0.100411,0.0,0.0,0.0
2.287495,-0.635782,0.725677,9051.83,0.100411,0.0,0.0,0.0
2.29062,-0.635782,0.725677,9051.83,0.100411,0.0,0.0,0.0
2.2937450000000004,-0.635782,0.725677,9051.83,0.100411,0.0,0.0,0.0
2.29687,-0.635782,0.725677,9051.83,0.100411,0.0,0.0,0.0
2.299995,-0.635782,0.725677,9051.83,0.100411,0.0,0.0,0.0
2.30312,-0.635782,0.725677,9051.83,0.100411,0.0,0.0,0.0
2.306245,-0.635782,0.725677,9051.83,0.100411,0.0,0.0,0.0
2.3093700000000004,-0.635782,0.725677,9051.83,0.100411,0.0,0.0,0.0
2.312495,-0.635782,0.725677,9051.83,0.100411,0.0,0.0,0.0
2.31562,-0.635782,0.725677,9051.83,0.100411,0.0,0.0,0.0
2.318745,-0.635782,0.725677,9051.83,0.100411,0.0,0.0,0.0
2.32187,-0.635782,0.725677,9051.83,0.100411,0.0,0.0,0.0
2.3249950000000004,-0.635782,0.725677,9051.83,0.100411,0.0,0.0,0.0
2.32812,-0.635782,0.725677,9051.83,0.100411,0.0,0.0,0.0
2.331245,-0.635782,0.725677,9051.83,0.100411,0.0,0.0,0.0
2.33437,-0.635782,0.725677,9051.83,0.100411,0.0,0.0,0.0
2.337495,-0.635782,0.725677,9051.83,0.100411,0.0,0.0,0.0
2.3406200000000004,-0.635782,0.725677,9051.83,0.100411,0.0,0.0,0.0
2.343745,-0.635782,0.725677,9051.83,0.100411,0.0,0.0,0.0
2.34687,-0.635782,0.725677,9051.83,0.100411,0.0,0.0,0.0
2.349995,-0.635782,0.725677,9051.83,0.100411,0.0,0.0,0.0
2.35312,-0.635782,0.725677,9051.83,0.100411,0.0,0.0,0.0
2.3562450000000004,-0.635782,0.725677,9051.83,0.100411,0.0,0.0,0.0
2.35937,-0.635782,0.725677,9051.83,0.100411,0.0,0.0,0.0
2.362495,-0.635782,0.725677,9051.83,0.100411,0.0,0.0,0.0
2.36562,-0.635782,0.725677,9051.83,0.100411,0.0,0.0,0.0
2.368745,-0.635782,0.725677,9051.83,0.100411,0.0,0.0,0.0
2.3718700000000004,-0.635782,0.725677,9051.83,0.100411,0.0,0.0,0.0
2.374995,-0.635782,0.725677,9051.83,0.100411,0.0,0.0,0.0
2.37812,-0.635782,0.725677,9051.83,0.100411,0.0,0.0,0.0
2.381245,-0.635782,0.725677,9051.83,0.100411,0.0,0.0,0.0
2.38437,-0.635782,0.725677,9051.83,0.100411,0.0,0.0,0.0
2.3874950000000004,-0.635782,0.725677,9051.83,0.100411,0.0,0.0,0.0
2.39062,-0.635782,0.725677,9051.83,0.100411,0.0,0.0,0.0
2.393745,-0.635782,0.725677,9051.83,0.100411,0.0,0.0,0.0
2.39687,-0.635782,0.725677,9051.83,0.100411,0.0,0.0,0.0
2.399995,-0.635782,0.725677,9051.83,0.100411,0.0,0.0,0.0
2.4031200000000004,-0.635782,0.725677,9051.83,0.100411,0.0,0.0,0.0
2.406245,-0.635782,0.725677,9051.83,0.100411,0.0,0.0,0.0
2.40937,-0.635782,0.725677,9051.83,0.100411,0.0,0.0,0.0
2.412495,-0.635782,0.725677,9051.83,0.100411,0.0,0.0,0.0
2.41562,-0.635782,0.725677,9051.83,0.100411,0.0,0.0,0.0
2.4187450000000004,-0.635782,0.725677,9051.83,0.100411,0.0,0.0,0.0
2.42187,-0.635782,0.725677,9051.83,0.100411,0.0,0.0,0.0
2.424995,-0.635782,0.725677,9051.83,0.100411,0.0,0.0,0.0
2.42812,-0.635782,0.725677,9051.83,0.100411,0.0,0.0,0.0
2.431245,-0.635782,0.725677,9051.83,0.100411,0.0,0.0,0.0
2.4343700000000004,-0.635782,0.725677,9051.83,0.100411,0.0,0.0,0.0
2.437495,-0.635782,0.725677,9051.83,0.100411,0.0,0.0,0.0
2.44062,-0.635782,0.725677,9051.83,0.100411,0.0,0.0,0.0
2.443745,-0.635782,0.725677,9051.83,0.100411,0.0,0.0,0.0
2.44687,-0.635782,0.725677,9051.83,0.100411,0.0,0.0,0.0
2.4499950000000004,-0.635782,0.725677,9051.83,0.100411,0.0,0.0,0.0
2.45312,-0.635782,0.725677,9051.83,0.100411,0.0,0.0,0.0
2.456245,-0.635782,0.725677,9051.83,0.100411,0.0,0.0,0.0
2.45937,-0.635782,0.725677,9051.83,0.100411,0.0,0.0,0.0
2.462495,-0.635782,0.725677,9051.83,0.100411,0.0,0.0,0.0
2.4656200000000004,-0.635782,0.725677,9051.83,0.100411,0.0,0.0,0.0
2.468745,-0.635782,0.725677,9051.83,0.100411,0.0,0.0,0.0
2.47187,-0.635782,0.725677,9051.83,0.100411,0.0,0.0,0.0
2.474995,-0.635782,0.725677,9051.83,0.100411,0.0,0.0,0.0
2.47812,-0.635782,0.725677,9051.83,0.100411,0.0,0.0,0.0
2.4812450000000004,-0.635782,0.725677,9051.83,0.100411,0.0,0.0,0.0
2.48437,-0.635782,0.725677,9051.83,0.100411,0.0,0.0,0.0
2.487495,-0.635782,0.725677,9051.83,0.100411,0.0,0.0,0.0
2.49062,-0.635782,0.725677,9051.83,0.100411,0.0,0.0,0.0
2.493745,-0.635782,0.725677,9051.83,0.100411,0.0,0.0,0.0
2.4968700000000004,-0.635782,0.725677,9051.83,0.100411,0.0,0.0,0.0
2.499995,-0.635782,0.725677,9051.83,0.100411,0.0,0.0,0.0
2.50312,-0.635782,0.725677,9051.83,0.100411,0.0,0.0,0.0
2.506245,-0.635782,0.725677,9051.83,0.100411,0.0,0.0,0.0
2.50937,-0.635782,0.725677,9051.83,0.100411,0.0,0.0,0.0
2.5124950000000004,-0.635782,0.725677,9051.83,0.100411,0.0,0.0,0.0
2.51562,-0.635782,0.725677,9051.83,0.100411,0.0,0.0,0.0
2.518745,-0.635782,0.725677,9051.83,0.100411,0.0,0.0,0.0
2.52187,-0.635782,0.725677,9051.83,0.100411,0.0,0.0,0.0
2.524995,-0.635782,0.725677,9051.83,0.100411,0.0,0.0,0.0
2.5281200000000004,-0.635782,0.725677,9051.83,0.100411,0.0,0.0,0.0
2.531245,-0.635782,0.725677,9051.83,0.100411,0.0,0.0,0.0
2.53437,-0.635782,0.725677,9051.83,0.100411,0.0,0.0,0.0
2.537495,-0.635782,0.725677,9051.83,0.100411,0.0,0.0,0.0
2.54062,-0.635782,0.725677,9051.83,0.100411,0.0,0.0,0.0
2.5437450000000004,-0.635782,0.725677,9051.83,0.100411,0.0,0.0,0.0
2.54687,-0.635782,0.725677,9051.83,0.100411,0.0,0.0,0.0
2.549995,-0.635782,0.725677,9051.83,0.100411,0.0,0.0,0.0
2.55312,-0.635782,0.725677,9051.83,0.100411,0.0,0.0,0.0
2.556245,-0.635782,0.725677,9051.83,0.100411,0.0,0.0,0.0
2.5593700000000004,-0.635782,0.725677,9051.83,0.100411,0.0,0.0,0.0
2.562495,-0.635782,0.725677,9051.83,0.100411,0.0,0.0,0.0
2.56562,-0.635782,0.725677,9051.83,0.100411,0.0,0.0,0.0
2.568745,-0.635782,0.725677,9051.83,0.100411,0.0,0.0,0.0
2.57187,-0.635782,0.725677,9051.83,0.100411,0.0,0.0,0.0
2.5749950000000004,-0.635782,0.725677,9051.83,0.100411,0.0,0.0,0.0
2.57812,-0.635782,0.725677,9051.83,0.100411,0.0,0.0,0.0
2.581245,-0.635782,0.725677,9051.83,0.100411,0.0,0.0,0.0
2.58437,-0.635782,0.725677,9051.83,0.100411,0.0,0.0,0.0
2.587495,-0.635782,0.725677,9051.83,0.100411,0.0,0.0,0.0
2.5906200000000004,-0.635782,0.725677,9051.83,0.100411,0.0,0.0,0.0
2.593745,-0.635782,0.725677,9051.83,0.100411,0.0,0.0,0.0
2.59687,-0.635782,0.725677,9051.83,0.100411,0.0,0.0,0.0
2.599995,-0.635782,0.725677,9051.83,0.100411,0.0,0.0,0.0
2.60312,-0.635782,0.725677,9051.83,0.100411,0.0,0.0,0.0
2.6062450000000004,-0.635782,0.725677,9051.83,0.100411,0.0,0.0,0.0
2.60937,-0.635782,0.725677,9051.83,0.100411,0.0,0.0,0.0
2.612495,-0.635782,0.725677,9051.83,0.100411,0.0,0.0,0.0
2.61562,-0.635782,0.725677,9051.83,0.100411,0.0,0.0,0.0
2.618745,-0.635782,0.725677,9051.83,0.100411,0.0,0.0,0.0
2.6218700000000004,-0.635782,0.725677,9051.83,0.100411,0.0,0.0,0.0
2.624995,-0.635782,0.725677,9051.83,0.100411,0.0,0.0,0.0
2.62812,-0.635782,0.725677,9051.83,0.100411,0.0,0.0,0.0
2.631245,-0.635782,0.725677,9051.83,0.100411,0.0,0.0,0.0
2.63437,-0.635782,0.725677,9051.83,0.100411,0.0,0.0,0.0
2.6374950000000004,-0.635782,0.725677,9051.83,0.100411,0.0,0.0,0.0
2.64062,-0.635782,0.725677,9051.83,0.100411,0.0,0.0,0.0
2.643745,-0.635782,0.725677,9051.83,0.100411,0.0,0.0,0.0
2.64687,-0.635782,0.725677,9051.83,0.100411,0.0,0.0,0.0
2.649995,-0.635782,0.725677,9051.83,0.100411,0.0,0.0,0.0
2.6531200000000004,-0.635782,0.725677,9051.83,0.100411,0.0,0.0,0.0
2.656245,-0.635782,0.725677,9051.83,0.100411,0.0,0.0,0.0
2.65937,-0.635782,0.725677,9051.83,0.100411,0.0,0.0,0.0
2.662495,-0.635782,0.725677,9051.83,0.100411,0.0,0.0,0.0
2.66562,-0.635782,0.725677,9051.83,0.100411,0.0,0.0,0.0
2.6687450000000004,-0.635782,0.725677,9051.83,0.100411,0.0,0.0,0.0
2.67187,-0.635782,0.725677,9051.83,0.100411,0.0,0.0,0.0
2.674995,-0.635782,0.725677,9051.83,0.100411,0.0,0.0,0.0
2.67812,-0.635782,0.725677,9051.83,0.100411,0.0,0.0,0.0
2.681245,-0.635782,0.725677,9051.83,0.100411,0.0,0.0,0.0
2.6843700000000004,-0.635782,0.725677,9051.83,0.100411,0.0,0.0,0.0
2.687495,-0.635782,0.725677,9051.83,0.100411,0.0,0.0,0.0
2.69062,-0.635782,0.725677,9051.83,0.100411,0.0,0.0,0.0
2.693745,-0.635782,0.725677,9051.83,0.100411,0.0,0.0,0.0
2.69687,-0.635782,0.725677,9051.83,0.100411,0.0,0.0,0.0
2.6999950000000004,-0.635782,0.725677,9051.83,0.100411,0.0,0.0,0.0
2.70312,-0.635782,0.725677,9051.83,0.100411,0.0,0.0,0.0
2.706245,-0.635782,0.725677,9051.83,0.100411,0.0,0.0,0.0
2.70937,-0.635782,0.725677,9051.83,0.100411,0.0,0.0,0.0
2.712495,-0.635782,0.725677,9051.83,0.100411,0.0,0.0,0.0
2.7156200000000004,-0.635782,0.725677,9051.83,0.100411,0.0,0.0,0.0
2.718745,-0.635782,0.725677,9051.83,0.100411,0.0,0.0,0.0
2.72187,-0.635782,0.725677,9051.83,0.100411,0.0,0.0,0.0
2.724995,-0.635782,0.725677,9051.83,0.100411,0.0,0.0,0.0
2.72812,-0.635782,0.725677,9051.83,0.100411,0.0,0.0,0.0
2.7312450000000004,-0.635782,0.725677,9051.83,0.100411,0.0,0.0,0.0
2.73437,-0.635782,0.725677,9051.83,0.100411,0.0,0.0,0.0
2.737495,-0.635782,0.725677,9051.83,0.100411,0.0,0.0,0.0
2.74062,-0.635782,0.725677,9051.83,0.100411,0.0,0.0,0.0
2.743745,-0.635782,0.725677,9051.83,0.100411,0.0,0.0,0.0
2.7468700000000004,-0.635782,0.725677,9051.83,0.100411,0.0,0.0,0.0
2.749995,-0.635782,0.725677,9051.83,0.100411,0.0,0.0,0.0
2.75312,-0.635782,0.725677,9051.83,0.100411,0.0,0.0,0.0
2.756245,-0.635782,0.725677,9051.83,0.100411,0.0,0.0,0.0
2.75937,-0.635782,0.725677,9051.83,0.100411,0.0,0.0,0.0
2.7624950000000004,-0.635782,0.725677,9051.83,0.100411,0.0,0.0,0.0
2.76562,-0.635782,0.725677,9051.83,0.100411,0.0,0.0,0.0
2.768745,-0.635782,0.725677,9051.83,0.100411,0.0,0.0,0.0
2.77187,-0.635782,0.725677,9051.83,0.100411,0.0,0.0,0.0
2.774995,-0.635782,0.725677,9051.83,0.100411,0.0,0.0,0.0
2.7781200000000004,-0.635782,0.725677,9051.83,0.100411,0.0,0.0,0.0
2.781245,-0.635782,0.725677,9051.83,0.100411,0.0,0.0,0.0
2.78437,-0.635782,0.725677,9051.83,0.100411,0.0,0.0,0.0
2.787495,-0.635782,0.725677,9051.83,0.100411,0.0,0.0,0.0
2.79062,-0.635782,0.725677,9051.83,0.100411,0.0,0.0,0.0
2.7937450000000004,-0.635782,0.725677,9051.83,0.100411,0.0,0.0,0.0
2.79687,-0.635782,0.725677,9051.83,0.100411,0.0,0.0,0.0
2.799995,-0.635782,0.725677,9051.83,0.100411,0.0,0.0,0.0
2.80312,-0.635782,0.725677,9051.83,0.100411,0.0,0.0,0.0
2.806245,-0.635782,0.725677,9051.83,0.100411,0.0,0.0,0.0
2.8093700000000004,-0.635782,0.725677,9051.83,0.100411,0.0,0.0,0.0
2.812495,-0.635782,0.725677,9051.83,0.100411,0.0,0.0,0.0
2.81562,-0.635782,0.725677,9051.83,0.100411,0.0,0.0,0.0
